180 0 0 0 1 0 0
185 1 0 0 1 0 0
191 2 0 0 1 0 0
199 3 0 0 1 0 0
209 4 0 0 1 0 0
309 4 0 0 1 0 1
424 4 0 0 1 0 2
556 4 0 0 1 0 3
569 5 0 0 1 0 3
721 5 0 0 1 0 4
737 6 0 0 1 0 4
912 6 0 0 1 0 5
1012 6 0 0 1 1 5
1031 7 0 0 1 1 5
1146 7 0 0 1 2 5
1154 7 1 0 1 2 5
1355 7 1 0 1 2 6
1364 7 2 0 1 2 6
1496 7 2 0 1 3 6
1519 8 2 0 1 3 6
1750 8 2 0 1 3 7
1761 8 3 0 1 3 7
1913 8 3 0 1 4 7
1940 9 3 0 1 4 7
1952 9 4 0 1 4 7
2218 9 4 0 1 4 8
2232 9 5 0 1 4 8
2407 9 5 0 1 5 8
2447 9 5 1 1 5 8
2753 9 5 1 1 5 9
2786 10 5 1 1 5 9
2993 10 5 1 2 5 9
3009 10 6 1 2 5 9
3210 10 6 1 2 6 9
3248 11 6 1 2 6 9
3267 11 7 1 2 6 9
3347 11 7 2 2 6 9
3585 11 7 2 3 6 9
3937 11 7 2 3 6 10
3958 11 8 2 3 6 10
4363 11 8 2 3 6 11
4408 12 8 2 3 6 11
4639 12 8 2 3 7 11
4663 12 9 2 3 7 11
4937 12 9 2 4 7 11
4990 13 9 2 4 7 11
5018 13 10 2 4 7 11
5483 13 10 2 4 7 12
5643 13 10 3 4 7 12
5909 13 10 3 4 8 12
6224 13 10 3 5 8 12
6256 13 11 3 5 8 12
6562 13 11 3 5 9 12
6624 14 11 3 5 9 12
6986 14 11 3 6 9 12
7023 14 12 3 6 9 12
7095 15 12 3 6 9 12
7511 15 12 3 7 9 12
7554 15 13 3 7 9 12
7906 15 13 3 7 10 12
8226 15 13 4 7 10 12
8761 15 13 4 7 10 13
9240 15 13 4 8 10 13
9323 16 13 4 8 10 13
9728 16 13 4 8 11 13
9777 16 14 4 8 11 13
10392 16 14 4 8 11 14
10943 16 14 4 9 11 14
11039 17 14 4 9 11 14
11096 17 15 4 9 11 14
11804 17 15 4 9 11 15
12618 17 15 4 9 11 16
13083 17 15 4 9 12 16
13716 17 15 4 10 12 16
13781 17 16 4 10 12 16
13892 18 16 4 10 12 16
14620 18 16 4 11 12 16
14695 18 17 4 11 12 16
14822 19 17 4 11 12 16
15462 19 17 5 11 12 16
16299 19 17 5 12 12 16
16385 19 18 5 12 12 16
16531 20 18 5 12 12 16
17467 20 18 5 12 12 17
18430 20 18 5 13 12 17
19506 20 18 5 13 12 18
19605 20 19 5 13 12 18
20140 20 19 5 13 13 18
20755 20 19 5 13 14 18
21863 20 19 5 14 14 18
21977 20 20 5 14 14 18
23215 20 20 5 14 14 19
23923 20 20 5 14 15 19
24737 20 20 5 14 16 19
26011 20 20 5 15 16 19
27476 20 20 5 16 16 19
28756 20 20 6 16 16 19
30179 20 20 6 16 16 20
31863 20 20 6 17 16 20
33800 20 20 6 18 16 20
34736 20 20 6 18 17 20
35812 20 20 6 18 18 20
36148 21 20 6 18 18 20
38376 21 20 6 19 18 20
40938 21 20 6 20 18 20
42176 21 20 6 20 19 20
42438 21 21 6 20 19 20
44998 21 21 7 20 19 20
46421 21 21 7 20 20 20
49694 21 21 7 20 20 21
55586 21 21 7 21 20 21
56163 22 21 7 21 20 21
56615 22 22 7 21 20 21
66779 22 22 7 22 20 21
71899 22 22 8 22 20 21
72778 23 22 8 22 20 21
78424 23 22 8 22 20 22
81697 23 22 8 22 21 22
97281 23 22 8 23 21 22
97974 23 23 8 23 21 22
99227 24 23 8 23 21 22
121629 24 23 8 24 21 22
122625 24 24 8 24 21 22
132865 24 24 9 24 21 22
134578 25 24 9 24 21 22
143236 25 24 9 24 21 23
148882 25 24 9 24 22 23
179797 25 24 9 25 22 23
181171 25 25 9 25 22 23
193617 25 25 9 25 22 24
195892 26 25 9 25 22 24
197735 26 26 9 25 22 24
239213 26 26 9 26 22 24
242168 27 26 9 26 22 24
262648 27 26 10 26 22 24
279823 27 26 10 26 22 25
288481 27 26 10 26 23 25
290904 27 27 10 26 23 25
345418 27 27 10 27 23 25
349193 28 27 10 27 23 25
372236 28 27 10 27 23 26
384682 28 27 10 27 24 26
387817 28 28 10 27 24 26
458344 28 28 10 28 24 26
463102 29 28 10 28 24 26
467107 29 29 10 28 24 26
508067 29 29 11 28 24 26
513999 30 29 11 28 24 26
531174 30 29 11 28 25 26
561459 30 29 11 28 25 27
651577 30 29 11 29 25 27
656644 30 30 11 29 25 27
695826 30 30 11 29 25 28
703154 31 30 11 29 25 28
726197 31 30 11 29 26 28
840196 31 30 11 30 26 28
846552 31 31 11 30 26 28
855534 32 31 11 30 26 28
905600 32 31 11 30 26 29
1048617 32 31 11 31 26 29
1056536 32 32 11 31 26 29
1067472 33 32 11 31 26 29
1149392 33 32 12 31 26 29
1179677 33 32 12 31 27 29
1243010 33 32 12 31 27 30
1421186 33 32 12 32 27 30
1434424 34 32 12 32 27 30
1444231 34 33 12 32 27 30
1483413 34 33 12 32 28 30
1562867 34 33 12 32 28 31
1783511 34 33 12 33 28 31
1799452 35 33 12 33 28 31
1811536 35 34 12 33 28 31
1861602 35 34 12 33 29 31
1880709 36 34 12 33 29 31
2152599 36 34 12 34 29 31
2167422 36 35 12 34 29 31
2266409 36 35 12 34 29 32
2430249 36 35 13 34 29 32
2453062 37 35 13 34 29 32
2516395 37 35 13 34 30 32
2534507 37 36 13 34 30 32
2868025 37 36 13 35 30 32
2990616 37 36 13 35 30 33
3017751 38 36 13 35 30 33
3097205 38 36 13 35 31 33
3119259 38 37 13 35 31 33
3526776 38 37 13 36 31 33